[(0,0),(7,20),(0,49),(0,0)],0.9
[(0,49),(0,50),(50,50),(18,38),(0,49)],0.7
[(0,49),(0,50),(18,38),(7,20),(0,49)],0.6
[(0,0),(7,20),(22,8),(0,0)],0.5
[(0,0),(22,8),(42,7),(50,0),(0,0)],0.3
[(18,38),(7,20),(22,8),(26,21),(29,22),(28,27),(18,38)],0.9
[(22,8),(42,7),(46,16),(38,24),(22,8)],0.8
[(22,8),(38,24),(28,27),(29,22),(26,21),(22,8)],0.6
[(18,38),(28,27),(50,50),(18,38)],0.9
[(28,27),(38,24),(50,50),(28,27)],0.6
[(38,24),(50,50),(46,16),(38,24)],0.4
[(50,50),(46,16),(42,7),(50,0),(50,50)],0.8